 ReR1x16 ReR2x16 shamt16 WrRgx16 WrDtx16      WR     SHE     DIR     CLR RDa1x16 RDa2x16
       0       0       0       0    0000       0       0       0       1    0000    0000
       0       0       0       1    0059       1       0       0       0    0000    0000
       0       0       0       2    0048       1       0       0       0    0000    0000
       0       0       0       3    007B       1       0       0       0    0000    0000
       0       0       0       4    0035       1       0       0       0    0000    0000
       1       2       0       0    0000       0       0       0       0    0059    0048
       3       4       0       0    0000       0       0       0       0    007B    0035
       0       1       3       2    0000       1       1       1       0    0000    0059
       0       3       5       4    0000       1       1       0       0    0000    007B
       1       2       0       0    0000       0       0       0       0    0059    02C8
       3       4       0       0    0000       0       0       0       0    007B    0003
       0       0       0       1    001B       1       0       0       0    0000    0000
       1       0       0       0    0000       0       0       0       0    001B    0000
       0       1       3       2    0000       1       1       0       0    0000    001B
       2       0       0       0    0000       0       0       0       0    0003    0000
       0       0       0       0    0000       0       0       0       1    0000    0000
